Accuracy:  0.66758974359
Recall:  0.66758974359
Precision:  0.673969173948
F1_score:  0.666755429593
